63650
65355
65528
65538
65766
66842
72408
82932
85621
94639
95475
97357
108914
109998
118261
133998
139774
141664
149297
165340
167827
167876
167975
168091
169140
169185
175072
185668
185709
185809
185815
185811
185820
185821
185879
185868
185878
185904
185906
185924
185912
186008
186018
186014
186001
186016
186010
186055
186005
186046
186119
186125
186139
186160
186145
187341
189236
189545
191819
202369
202373
208902
210281
224000
238659
255677
255858
276294
276904
285100
287035
287063
287231
306664
308299
308353
316654
316938
329371
344719
346576
347230
347355
355992
356034
357126
357312
